0.050000 0.050000 1727999 1727999 1528848000.000000
1528848000.000000 0.595484
1528848000.050000 0.631577
1528848000.100000 0.625451
1528848000.150000 0.656253
1528848000.200000 0.632627
1528848000.250000 0.602073
1528848000.300000 0.662840
1528848000.350000 0.611128
1528848000.400000 0.622669
1528848000.450000 0.609926
1528848000.500000 0.579321
1528848000.550000 0.595079
1528848000.600000 0.568357
1528848000.650000 0.606560
1528848000.700000 0.640766
1528848000.750000 0.622833
1528848000.800000 0.620653
1528848000.850000 0.601912
1528848000.900000 0.609979
1528848000.950000 0.611273
1528848001.000000 0.592014
1528848001.050000 0.631600
1528848001.100000 0.621711
1528848001.150000 0.632809
1528848001.200000 0.644675
1528848001.250000 0.646578
1528848001.300000 0.641241
1528848001.350000 0.647405
1528848001.400000 0.623418
1528848001.450000 0.622917
1528848001.500000 0.612074
1528848001.550000 0.634575
1528848001.600000 0.619975
1528848001.650000 0.598399
1528848001.700000 0.594144
1528848001.750000 0.599741
1528848001.800000 0.614870
1528848001.850000 0.615304
1528848001.900000 0.615965
1528848001.950000 0.608768
1528848002.000000 0.596767
1528848002.050000 0.599484
1528848002.100000 0.584738
1528848002.150000 0.610800
1528848002.200000 0.614472
1528848002.250000 0.592528
1528848002.300000 0.616473
1528848002.350000 0.617401
1528848002.400000 0.608465
1528848002.450000 0.610824
1528848002.500000 0.651305
1528848002.550000 0.620377
1528848002.600000 0.616921
1528848002.650000 0.603272
1528848002.700000 0.595954
1528848002.750000 0.598658
1528848002.800000 0.560108
1528848002.850000 0.598744
1528848002.900000 0.634244
1528848002.950000 0.621353
1528848003.000000 0.627476
1528848003.050000 0.597394
1528848003.100000 0.598956
1528848003.150000 0.640315
1528848003.200000 0.669613
1528848003.250000 0.605312
1528848003.300000 0.611012
1528848003.350000 0.639262
1528848003.400000 0.606362
1528848003.450000 0.565735
1528848003.500000 0.553232
1528848003.550000 0.572936
1528848003.600000 0.608797
1528848003.650000 0.616027
1528848003.700000 0.597968
1528848003.750000 0.549887
1528848003.800000 0.620449
1528848003.850000 0.601378
1528848003.900000 0.595241
1528848003.950000 0.581740
1528848004.000000 0.623268
1528848004.050000 0.626647
1528848004.100000 0.629405
1528848004.150000 0.654170
1528848004.200000 0.622814
1528848004.250000 0.576876
1528848004.300000 0.591115
1528848004.350000 0.616796
1528848004.400000 0.616343
1528848004.450000 0.605552
1528848004.500000 0.586131
1528848004.550000 0.647478
1528848004.600000 0.647686
1528848004.650000 0.640940
1528848004.700000 0.635524
1528848004.750000 0.622475
1528848004.800000 0.596468
1528848004.850000 0.637191
1528848004.900000 0.632415
1528848004.950000 0.639398
1528848005.000000 0.625155
1528848005.050000 0.636320
1528848005.100000 0.626556
1528848005.150000 0.615017
1528848005.200000 0.602760
1528848005.250000 0.641839
1528848005.300000 0.609271
1528848005.350000 0.604529
1528848005.400000 0.760140
1528848005.450000 0.804726
1528848005.500000 0.670244
1528848005.550000 0.632376
1528848005.600000 0.657646
1528848005.650000 0.626101
1528848005.700000 0.653565
1528848005.750000 0.635526
1528848005.800000 0.633072
1528848005.850000 0.643864
1528848005.900000 0.642779
1528848005.950000 0.668013
1528848006.000000 0.633781
1528848006.050000 0.621249
1528848006.100000 0.635807
1528848006.150000 0.679506
1528848006.200000 0.650238
1528848006.250000 0.645069
1528848006.300000 0.631626
1528848006.350000 0.663602
1528848006.400000 0.648283
1528848006.450000 0.653518
1528848006.500000 0.646213
1528848006.550000 0.644176
1528848006.600000 0.640554
1528848006.650000 0.616902
1528848006.700000 0.636514
1528848006.750000 0.641130
1528848006.800000 0.638800
1528848006.850000 0.627609
1528848006.900000 0.627543
1528848006.950000 0.645118
1528848007.000000 0.611188
1528848007.050000 0.656461
1528848007.100000 0.679366
1528848007.150000 0.654585
1528848007.200000 0.587231
1528848007.250000 0.526786
1528848007.300000 0.670590
1528848007.350000 0.677252
1528848007.400000 0.669755
1528848007.450000 0.691680
1528848007.500000 0.698125
1528848007.550000 0.690339
1528848007.600000 0.607877
1528848007.650000 0.641739
1528848007.700000 0.674581
1528848007.750000 0.688491
1528848007.800000 0.661751
1528848007.850000 0.679799
1528848007.900000 0.684737
1528848007.950000 0.699166
1528848008.000000 0.676425
1528848008.050000 0.683112
1528848008.100000 0.704637
1528848008.150001 0.716910
1528848008.200000 0.703246
1528848008.250000 0.683764
1528848008.300000 0.679113
1528848008.350000 0.698974
1528848008.400001 0.684738
1528848008.450000 0.804681
1528848008.500000 0.665692
1528848008.550000 0.694661
1528848008.600000 0.682269
1528848008.650001 0.704446
1528848008.700000 0.672790
1528848008.750000 0.680008
1528848008.800000 0.645352
1528848008.850000 0.669946
1528848008.900001 0.687705
1528848008.950000 0.637410
1528848009.000000 0.632085
1528848009.050000 0.623924
1528848009.100000 0.664926
1528848009.150001 0.657575
1528848009.200000 0.653371
1528848009.250000 0.682433
1528848009.300000 0.687506
1528848009.350000 0.695137
1528848009.400001 0.670779
1528848009.450000 0.685082
1528848009.500000 0.691793
1528848009.550000 0.684092
1528848009.600000 0.671109
1528848009.650001 0.673784
1528848009.700000 0.651959
1528848009.750000 0.657564
1528848009.800000 0.658957
1528848009.850000 0.656149
1528848009.900001 0.659014
1528848009.950000 0.652776
1528848010.000000 0.670401
1528848010.050000 0.649051
1528848010.100000 0.639496
1528848010.150001 0.653051
1528848010.200000 0.628546
1528848010.250000 0.589570
1528848010.300000 0.637594
1528848010.350000 0.638287
1528848010.400001 0.681423
1528848010.450000 0.642495
1528848010.500000 0.664464
1528848010.550000 0.650325
1528848010.600000 0.647672
1528848010.650001 0.665154
1528848010.700000 0.648964
1528848010.750000 0.678385
1528848010.800000 0.674664
1528848010.850000 0.630804
1528848010.900001 0.645293
1528848010.950000 0.639739
1528848011.000000 0.676993
1528848011.050000 0.658501
1528848011.100000 0.646527
1528848011.150001 0.636777
1528848011.200000 0.621790
1528848011.250000 0.646822
1528848011.300000 0.690300
1528848011.350000 0.699985
1528848011.400001 0.666650
1528848011.450000 0.683897
1528848011.500000 0.673375
1528848011.550000 0.695894
1528848011.600000 0.679830
1528848011.650001 0.670021
1528848011.700000 0.648575
1528848011.750000 0.647763
1528848011.800000 0.623935
1528848011.850000 0.636563
1528848011.900001 0.675084
1528848011.950000 0.683736
1528848012.000000 0.687622
1528848012.050000 0.672812
1528848012.100000 0.652952
1528848012.150001 0.706690
1528848012.200000 0.688562
1528848012.250000 0.683311
1528848012.300000 0.683634
1528848012.350000 0.663572
1528848012.400001 0.660733
1528848012.450000 0.672790
1528848012.500000 0.665996
1528848012.550000 0.688879
1528848012.600000 0.674956
1528848012.650001 0.674376
1528848012.700000 0.626451
1528848012.750000 0.680013
1528848012.800000 0.678095
1528848012.850000 0.674293
1528848012.900001 0.707920
1528848012.950000 0.672255
1528848013.000000 0.727306
1528848013.050000 0.689318
1528848013.100000 0.709761
1528848013.150001 0.703309
1528848013.200000 0.691052
1528848013.250000 0.646079
1528848013.300000 0.651996
1528848013.350000 0.679962
1528848013.400001 0.683462
1528848013.450000 0.673253
1528848013.500000 0.692007
1528848013.550000 0.693577
1528848013.600000 0.711270
1528848013.650001 0.672467
1528848013.700000 0.651541
1528848013.750000 0.685256
1528848013.800000 0.698876
1528848013.850000 0.672128
1528848013.900001 0.696493
1528848013.950000 0.679148
1528848014.000000 0.657730
1528848014.050000 0.678639
1528848014.100000 0.711396
1528848014.150001 0.710867
1528848014.200000 0.698150
1528848014.250000 0.693800
1528848014.300000 0.707797
1528848014.350000 0.702743
1528848014.400001 0.717654
1528848014.450000 0.752936
1528848014.500000 0.718550
1528848014.550000 0.715986
1528848014.600000 0.701463
1528848014.650001 0.721844
1528848014.700000 0.651363
1528848014.750000 0.673935
1528848014.800000 0.693850
1528848014.850000 0.659070
1528848014.900001 0.678673
1528848014.950000 0.691801
1528848015.000000 0.656934
1528848015.050000 0.606877
1528848015.100000 0.668758
1528848015.150001 0.710662
1528848015.200000 0.719408
1528848015.250000 0.695161
1528848015.300000 0.677187
1528848015.350000 0.675609
1528848015.400001 0.714386
1528848015.450000 0.694474
1528848015.500000 0.711938
1528848015.550000 0.710914
1528848015.600000 0.716009
1528848015.650001 0.740888
1528848015.700000 0.677656
1528848015.750000 0.694361
1528848015.800000 0.698462
1528848015.850000 0.682894
1528848015.900001 0.726147
1528848015.950000 0.724734
1528848016.000000 0.727095
1528848016.050001 0.689336
1528848016.100000 0.689714
1528848016.150000 0.662559
1528848016.200001 0.710159
1528848016.250000 0.715294
1528848016.300001 0.708587
1528848016.350000 0.668144
1528848016.400000 0.664406
1528848016.450001 0.684550
1528848016.500000 0.668689
1528848016.550001 0.696552
1528848016.600000 0.672906
1528848016.650000 0.678159
1528848016.700001 0.697617
1528848016.750000 0.689652
1528848016.800001 0.699352
1528848016.850000 0.697398
1528848016.900000 0.632240
1528848016.950001 0.692121
1528848017.000000 0.741491
1528848017.050001 0.939039
1528848017.100000 0.943655
1528848017.150000 0.795044
1528848017.200001 0.654716
1528848017.250000 0.691729
1528848017.300001 0.662708
1528848017.350000 0.671284
1528848017.400000 0.703045
1528848017.450001 0.727475
1528848017.500000 0.718671
1528848017.550001 0.694031
1528848017.600000 0.706947
1528848017.650000 0.715021
1528848017.700001 0.678845
1528848017.750000 0.673153
1528848017.800001 0.699754
1528848017.850000 0.683334
1528848017.900000 0.684147
1528848017.950001 0.727818
1528848018.000000 0.720702
1528848018.050001 0.726563
1528848018.100000 0.677626
1528848018.150000 0.698212
1528848018.200001 0.718808
1528848018.250000 0.720372
1528848018.300001 0.708262
1528848018.350000 0.710737
1528848018.400000 0.681268
1528848018.450001 0.700022
1528848018.500000 0.722656
1528848018.550001 0.700379
1528848018.600000 0.661554
1528848018.650000 0.691177
1528848018.700001 0.689116
1528848018.750000 0.691419
1528848018.800001 0.698396
1528848018.850000 0.718628
1528848018.900000 0.682523
1528848018.950001 0.691606
1528848019.000000 0.667870
1528848019.050001 0.723430
1528848019.100000 0.708108
1528848019.150000 0.739810
1528848019.200001 0.721233
1528848019.250000 0.706347
1528848019.300001 0.712231
1528848019.350000 0.692849
1528848019.400000 0.731454
1528848019.450001 0.722583
1528848019.500000 0.719186
1528848019.550001 0.724320
1528848019.600000 0.733112
1528848019.650000 0.664449
1528848019.700001 0.679095
1528848019.750000 0.703060
1528848019.800001 0.686197
1528848019.850000 0.712128
1528848019.900000 0.702046
1528848019.950001 0.728921
1528848020.000000 0.739101
1528848020.050001 0.722525
1528848020.100000 0.733100
1528848020.150000 0.724156
1528848020.200001 0.712819
1528848020.250000 0.709042
1528848020.300001 0.732287
1528848020.350000 0.752136
1528848020.400000 0.694684
1528848020.450001 0.731388
1528848020.500000 0.744807
1528848020.550001 0.723704
1528848020.600000 0.745042
1528848020.650000 0.710825
1528848020.700001 0.733052
1528848020.750000 0.731419
1528848020.800001 0.741272
1528848020.850000 0.722434
1528848020.900000 0.723364
1528848020.950001 0.729369
1528848021.000000 0.740561
1528848021.050001 0.751155
1528848021.100000 0.750449
1528848021.150000 0.755638
1528848021.200001 0.758894
1528848021.250000 0.743890
1528848021.300001 0.729463
1528848021.350000 0.728089
1528848021.400000 0.732149
1528848021.450001 0.726472
1528848021.500000 0.709171
1528848021.550001 0.736489
1528848021.600000 0.752370
1528848021.650000 0.755503
1528848021.700001 0.744405
1528848021.750000 0.756310
1528848021.800001 0.757761
1528848021.850000 0.733241
1528848021.900000 0.750747
1528848021.950001 0.740059
1528848022.000000 0.734785
1528848022.050001 0.723419
1528848022.100000 0.730967
1528848022.150000 0.736114
1528848022.200001 0.730135
1528848022.250000 0.733565
1528848022.300001 0.741455
1528848022.350000 0.731301
1528848022.400000 0.747474
1528848022.450001 0.741527
1528848022.500000 0.742246
1528848022.550001 0.718333
1528848022.600000 0.741642
1528848022.650000 0.719097
1528848022.700001 0.703997
1528848022.750000 0.721888
1528848022.800001 0.729659
1528848022.850000 0.723127
1528848022.900000 0.727639
1528848022.950001 0.741584
1528848023.000000 0.719122
1528848023.050001 0.730472
1528848023.100000 0.726780
1528848023.150000 0.708957
1528848023.200001 0.712941
1528848023.250000 0.730949
1528848023.300001 0.732383
1528848023.350000 0.760127
1528848023.400000 0.762535
1528848023.450001 0.788847
1528848023.500000 0.754809
1528848023.550001 0.762002
1528848023.600000 0.761791
1528848023.650000 0.726106
1528848023.700001 0.735198
1528848023.750000 0.725607
1528848023.800001 0.728767
1528848023.850000 0.727906
1528848023.900000 0.728856
1528848023.950001 0.736554
1528848024.000000 0.731442
1528848024.050001 0.730010
1528848024.100000 0.712774
1528848024.150000 0.743242
1528848024.200001 0.731658
1528848024.250000 0.742243
1528848024.300001 0.733819
1528848024.350000 0.734276
1528848024.400000 0.725455
1528848024.450001 0.734005
1528848024.500000 0.731215
1528848024.550001 0.735360
1528848024.600000 0.728802
1528848024.650000 0.740469
1528848024.700001 0.718594
1528848024.750000 0.731674
1528848024.800001 0.721440
1528848024.850000 0.722516
1528848024.900000 0.725853
1528848024.950001 0.744334
1528848025.000000 0.718463
1528848025.050001 0.735841
1528848025.100000 0.731180
1528848025.150000 0.707217
1528848025.200001 0.763209
1528848025.250000 0.784345
1528848025.300001 0.748960
1528848025.350000 0.728854
1528848025.400000 0.754570
1528848025.450001 0.743343
1528848025.500000 0.764158
1528848025.550001 0.737421
1528848025.600000 0.730044
1528848025.650000 0.724705
1528848025.700001 0.721337
1528848025.750000 0.751783
1528848025.800001 0.739953
1528848025.850000 0.728493
1528848025.900000 0.709750
1528848025.950001 0.741202
1528848026.000000 0.749602
1528848026.050001 0.739179
1528848026.100000 0.735301
1528848026.150000 0.722610
1528848026.200001 0.737867
1528848026.250000 0.733306
1528848026.300001 0.730235
1528848026.350000 0.735074
1528848026.400000 0.754115
1528848026.450001 0.751060
1528848026.500000 0.754919
1528848026.550001 0.766003
1528848026.600000 0.732436
1528848026.650000 0.709268
1528848026.700001 0.733978
1528848026.750000 0.723403
1528848026.800001 0.707447
1528848026.850000 0.731037
1528848026.900000 0.732173
1528848026.950001 0.738315
1528848027.000000 0.732835
1528848027.050001 0.716713
1528848027.100000 0.719657
1528848027.150000 0.722789
1528848027.200001 0.739861
1528848027.250000 0.711517
1528848027.300001 0.729132
1528848027.350000 0.723022
1528848027.400000 0.759035
1528848027.450001 0.727996
1528848027.500000 0.746235
1528848027.550001 0.756733
1528848027.600000 0.744467
1528848027.650000 0.746142
1528848027.700001 0.747806
1528848027.750000 0.733354
1528848027.800001 0.719752
1528848027.850000 0.726580
1528848027.900000 0.743951
1528848027.950001 0.736255
1528848028.000000 0.713844
1528848028.050001 0.708033
1528848028.100000 0.720400
1528848028.150000 0.721656
1528848028.200001 0.720925
1528848028.250000 0.728431
1528848028.300001 0.724319
1528848028.350000 0.743289
1528848028.400000 0.735839
1528848028.450001 0.752091
1528848028.500000 0.758258
1528848028.550001 0.746126
1528848028.600000 0.753141
1528848028.650000 0.744982
1528848028.700001 0.746392
1528848028.750000 0.742859
1528848028.800001 0.717828
1528848028.850000 0.756115
1528848028.900000 0.732257
1528848028.950001 0.764175
1528848029.000000 0.767459
1528848029.050001 0.739864
1528848029.100000 0.718442
1528848029.150000 0.733161
1528848029.200001 0.718470
1528848029.250000 0.730774
1528848029.300001 0.712352
1528848029.350000 0.722439
1528848029.400000 0.748239
1528848029.450001 0.737077
1528848029.500000 0.679976
1528848029.550001 0.729992
1528848029.600000 0.739841
1528848029.650000 0.750862
1528848029.700001 0.746492
1528848029.750000 0.740356
1528848029.800001 0.741354
1528848029.850000 0.756622
1528848029.900000 0.739226
1528848029.950001 0.713060
1528848030.000000 0.747364
1528848030.050001 0.751118
1528848030.100000 0.722881
1528848030.150000 0.744759
1528848030.200001 0.749564
1528848030.250000 0.724155
1528848030.300001 0.729895
1528848030.350000 0.743691
1528848030.400000 0.713490
1528848030.450001 0.739426
1528848030.500000 0.724473
1528848030.550001 0.730178
1528848030.600000 0.761010
1528848030.650000 0.737247
1528848030.700001 0.731270
1528848030.750000 0.757835
1528848030.800001 0.776858
1528848030.850000 0.761095
1528848030.900000 0.752227
1528848030.950001 0.758421
1528848031.000000 0.766272
1528848031.050001 0.757333
1528848031.100000 0.741905
1528848031.150000 0.715079
1528848031.200001 0.731629
1528848031.250000 0.728869
1528848031.300001 0.722627
1528848031.350000 0.745983
1528848031.400000 0.737334
1528848031.450001 0.735609
1528848031.500000 0.758740
1528848031.550001 0.750090
1528848031.600000 0.750952
1528848031.650000 0.744533
1528848031.700001 0.720842
1528848031.750000 0.731084
1528848031.800001 0.743065
1528848031.850000 0.741714
1528848031.900000 0.737556
1528848031.950001 0.739743
1528848032.000000 0.704466
1528848032.049999 0.715418
1528848032.100002 0.737266
1528848032.150002 0.753136
1528848032.200001 0.731115
1528848032.250000 0.736464
1528848032.299999 0.752677
1528848032.350002 0.756814
1528848032.400002 0.741266
1528848032.450001 0.732685
1528848032.500000 0.754956
1528848032.549999 0.735705
1528848032.600002 0.745847
1528848032.650002 0.755104
1528848032.700001 0.742153
1528848032.750000 0.739082
1528848032.799999 0.734861
1528848032.850002 0.732059
1528848032.900002 0.763286
1528848032.950001 0.760301
1528848033.000000 0.751735
1528848033.049999 0.731452
1528848033.100002 0.734790
1528848033.150002 0.732809
1528848033.200001 0.747624
1528848033.250000 0.774043
1528848033.299999 0.768559
1528848033.350002 0.734286
1528848033.400002 0.753323
1528848033.450001 0.748574
1528848033.500000 0.748392
1528848033.549999 0.758655
1528848033.600002 0.734221
1528848033.650002 0.739073
1528848033.700001 0.748708
1528848033.750000 0.765704
1528848033.799999 0.713820
1528848033.850002 0.769289
1528848033.900002 0.781623
1528848033.950001 0.749924
1528848034.000000 0.748039
1528848034.049999 0.736389
1528848034.100002 0.729692
1528848034.150002 0.728956
1528848034.200001 0.730608
1528848034.250000 0.731919
1528848034.299999 0.739005
1528848034.350002 0.735792
1528848034.400002 0.743885
1528848034.450001 0.723377
1528848034.500000 0.727702
1528848034.549999 0.761277
1528848034.600002 0.774306
1528848034.650002 0.720082
1528848034.700001 0.723762
1528848034.750000 0.750101
1528848034.799999 0.750440
1528848034.850002 0.756934
1528848034.900002 0.747821
1528848034.950001 0.748989
1528848035.000000 0.767508
1528848035.049999 0.744874
1528848035.100002 0.759591
1528848035.150002 0.748458
1528848035.200001 0.772954
1528848035.250000 0.735336
1528848035.299999 0.723956
1528848035.350002 0.769507
1528848035.400002 0.771686
1528848035.450001 0.757053
1528848035.500000 0.781870
1528848035.549999 0.752211
1528848035.600002 0.756766
1528848035.650002 0.737517
1528848035.700001 0.747284
1528848035.750000 0.756186
1528848035.799999 0.716844
1528848035.850002 0.749620
1528848035.900002 0.779986
1528848035.950001 0.773776
1528848036.000000 0.756636
1528848036.049999 0.759960
1528848036.100002 0.765600
1528848036.150002 0.753604
1528848036.200001 0.783186
1528848036.250000 0.788267
1528848036.299999 0.772918
1528848036.350002 0.779631
1528848036.400002 0.769532
1528848036.450001 0.765598
1528848036.500000 0.754457
1528848036.549999 0.751029
1528848036.600002 0.762508
1528848036.650002 0.755598
1528848036.700001 0.723898
1528848036.750000 0.767990
1528848036.799999 0.778432
1528848036.850002 0.744413
1528848036.900002 0.743913
1528848036.950001 0.733199
1528848037.000000 0.752324
1528848037.049999 0.749043
1528848037.100002 0.756046
1528848037.150002 0.746085
1528848037.200001 0.747013
1528848037.250000 0.769495
1528848037.299999 0.769982
1528848037.350002 0.761642
1528848037.400002 0.763503
1528848037.450001 0.758951
1528848037.500000 0.769873
1528848037.549999 0.761328
1528848037.600002 0.750465
1528848037.650002 0.774796
1528848037.700001 0.771939
1528848037.750000 0.782068
1528848037.799999 0.759154
1528848037.850002 0.750292
1528848037.900002 0.760368
1528848037.950001 0.771458
1528848038.000000 0.756961
1528848038.049999 0.777414
1528848038.100002 0.774101
1528848038.150002 0.773230
1528848038.200001 0.752058
1528848038.250000 0.785751
1528848038.299999 0.760730
1528848038.350002 0.743969
1528848038.400002 0.762499
1528848038.450001 0.776370
1528848038.500000 0.753213
1528848038.549999 0.754221
1528848038.600002 0.752601
1528848038.650002 0.743562
1528848038.700001 0.760056
1528848038.750000 0.767300
1528848038.799999 0.761352
1528848038.850002 0.776513
1528848038.900002 0.778889
1528848038.950001 0.774460
1528848039.000000 0.767696
1528848039.049999 0.757262
1528848039.100002 0.765063
1528848039.150002 0.793232
1528848039.200001 0.797541
1528848039.250000 0.783097
1528848039.299999 0.774231
1528848039.350002 0.764015
1528848039.400002 0.761556
1528848039.450001 0.755507
1528848039.500000 0.773535
1528848039.549999 0.767383
1528848039.600002 0.789165
1528848039.650002 0.773420
1528848039.700001 0.777794
1528848039.750000 0.787585
1528848039.799999 0.777473
1528848039.850002 0.737701
1528848039.900002 0.749034
1528848039.950001 0.777214
1528848040.000000 0.786891
1528848040.049999 0.764788
1528848040.100002 0.775208
1528848040.150002 0.734173
1528848040.200001 0.783616
1528848040.250000 0.794350
1528848040.299999 0.768791
1528848040.350002 0.763413
1528848040.400002 0.756657
1528848040.450001 0.792360
1528848040.500000 0.776440
1528848040.549999 0.771732
1528848040.600002 0.770787
1528848040.650002 0.796471
1528848040.700001 0.789600
1528848040.750000 0.780464
1528848040.799999 0.769025
1528848040.850002 0.781957
1528848040.900002 0.784492
1528848040.950001 0.768063
1528848041.000000 0.767383
1528848041.049999 0.801761
1528848041.100002 0.784474
1528848041.150002 0.792101
1528848041.200001 0.727313
1528848041.250000 0.758499
1528848041.299999 0.764432
1528848041.350002 0.744208
1528848041.400002 0.777646
1528848041.450001 0.779793
1528848041.500000 0.782112
1528848041.549999 0.768305
1528848041.600002 0.762661
1528848041.650002 0.768925
1528848041.700001 0.793417
1528848041.750000 0.796790
1528848041.799999 0.793300
1528848041.850002 0.763174
1528848041.900002 0.769697
1528848041.950001 0.792445
1528848042.000000 0.785062
1528848042.049999 0.780329
1528848042.100002 0.813837
1528848042.150002 0.781672
1528848042.200001 0.808117
1528848042.250000 0.809941
1528848042.299999 0.800257
1528848042.350002 0.809141
1528848042.400002 0.788702
1528848042.450001 0.767060
1528848042.500000 0.793639
1528848042.549999 0.768147
1528848042.600002 0.783139
1528848042.650002 0.764808
1528848042.700001 0.772681
1528848042.750000 0.812400
1528848042.799999 0.784942
1528848042.850002 0.801890
1528848042.900002 0.758207
1528848042.950001 0.785295
1528848043.000000 0.802204
1528848043.049999 0.800385
1528848043.100002 0.785277
